Абдулов Илья 0 1 0 1 1 0 0 0
Авокадо Ева 1 0 1 1 0 1 0 0
Адрат Олеся 0 1 1 0 1 1 0 0
Алексеев Тимофей 0 0 0 0 1 1 0 0
Бабаев Руслан 1 1 0 0 1 1 1 1
Белисов Глеб 0 1 0 0 1 1 1 0
Боженко Мария 1 0 1 1 0 1 1 0
Горлов Игорь 1 1 0 0 1 1 0 1
Затикян Сергей 1 1 0 1 1 1 1 0
Кабдулвахитов Эмир 1 1 0 1 1 0 1 0
Касьяненко Вера 1 0 1 0 1 1 1 1
Комелин Глеб 1 1 0 0 1 1 0 0
Конопля Алексей 0 0 0 1 1 1 0 1
Кремпольская Екатерина 0 1 1 1 1 1 0 1
Миляев Дмитрий 0 1 0 1 0 1 0 0
Надери Мариам 1 1 1 1 1 1 0 1
Оншин Дмитрий 1 1 0 0 1 0 0 1
Петрова Наталья 0 1 1 1 0 0 0 1
Садовая Анастасия 0 0 1 0 1 1 0 1
Смирнов Игорь 1 1 0 0 0 0 1 1
Телунц Эдуард 1 1 0 0 1 0 1 0
Царёв Александр 0 1 0 0 0 0 0 0
Шаллиева Вера 0 0 1 1 1 1 0 0
Шестаков Максим 1 1 0 1 1 1 0 1
Шишминцев Дмитрий 0 1 0 1 1 1 0 1
Язев Григорий 0 0 0 0 1 1 0 1
00